11936
28293
62505
15568
30478
22534
35239
63623
11835
10342
8159
23690
2065
11710
5489
64175
54643
15649
17466
27903
53056
18233
35852
59944
2291
15732
58432
20193
11674
8641
37960
7290
52164
59406
46496
13344
47378
6144
26016
50664
2430
33689
33686
57521
55892
38080
41451
52852
47770
37915
1925
22036
54158
20384
35887
41550
30970
58127
32489
56195
27622
20572
4793
2451
40920
36335
27989
2730
37977
46457
65001
60789
32655
54047
18585
51007
23618
17247
39016
54080
773
41328
50260
52716
29889
37178
20623
49093
24992
33445
4468
54627
21432
16689
9816
10276
7705
21935
44410
4740
49184
4557
13338
36623
40838
29083
19589
20201
13030
48780
17361
28633
10096
13905
114
42836
148
38419
11738
8978
50406
50347
65171
30145
45432
25713
45371
31350
10689
37766
19670
57634
18185
53339
37123
60508
62618
56259
11860
2812
28349
37480
1348
18702
5937
24953
24224
55671
52118
64931
63921
7830
32300
62633
2648
60051
37135
10496
9982
8710
1150
8270
64201
21398
41781
43414
53088
12079
2531
58009
39333
28121
20754
13715
51699
45655
47408
62879
18722
6303
34754
47195
37843
39276
10348
9188
3076
34185
3522
22606
20776
15535
496
24697
41051
56275
61278
44822
891
2274
21260
56981
65288
48253
50776
64895
48663
6008
29153
12521
43333
63481
61464
29758
19524
19274
43378
36118
19657
37899
5895
49957
37020
64199
32799
44030
3651
38639
44274
170
57309
43711
64017
25565
14665
60159
5507
41922
48343
57124
11840
1373
11245
5206
18744
47725
42614
37219
57881
47389
5019
24640
43622
49018
7167
28227
42232
38735
30705
44135
40747
29291
38639
38750
4601
63349
40885
57875
17507
56425
64815
18074
29641
33365
37660
51180
14078
15804
63864
23628
898
58541
56824
56075
591
63301
47905
37594
24774
40263
15260
30300
15147
41933
55725
52488
44687
17774
1388
44430
45309
32070
31711
46671
62834
57068
38011
59161
26392
55877
27933
46813
2384
9988
50609
28433
14834
2124
32618
3876
13739
43552
30533
62168
11540
1971
29516
51482
24861
22558
9634
5093
24550
46665
41555
3976
11689
42357
50409
1573
37028
50680
54309
26127
55522
55706
37810
31929
58911
29945
63812
11965
17435
1891
60105
65042
29220
23933
483
58469
39459
20558
64753
5809
32669
56012
43658
29442
32072
32748
4353
51205
18629
29227
58217
8675
34187
49365
65490
65326
8986
26154
27266
38250
7253
10457
42723
54701
34766
6944
19478
34962
28694
7786
36765
56368
41187
15335
16390
145
20370
9574
17059
46618
11332
40498
17924
59204
14798
30137
40344
55907
38778
48647
30155
11063
54497
55937
2364
25849
12244
18481
46017
48771
19223
48314
40162
33224
9241
37826
56752
4034
49966
59525
4995
8437
56866
6892
3708
58083
17815
37017
62982
21008
60414
64461
51974
49564
58882
20349
34164
55866
18784
18941
17825
38324
62891
27278
48956
22408
23445
33255
26823
24958
22559
26345
19631
35356
23355
48982
1264
29984
53622
5325
20067
10683
14443
28840
20675
61851
19002
37383
47914
1253
16161
8342
58879
58529
37499
26735
31152
1195
58112
39061
35013
51884
8896
55714
29464
5829
8918
3614
21052
52969
46807
40290
39944
60852
58725
17789
19108
45799
25530
54370
22789
64740
35425
38123
6743
57890
63238
46425
45594
5399
43952
31503
15439
55250
955
34466
33056
35742
46151
3125
2089
42907
64831
51914
9508
58652
33607
53698
64712
11267
9957
8907
19650
37593
52003
55251
61447
6098
60259
19683
6259
28645
15869
36083
11033
59833
25861
54065
11554
20875
57734
51296
1682
35814
31875
29073
20109
11488
5632
50000
19509
15204
2498
63088
49213
2397
62777
4645
32756
11629
52982
26234
64284
14044
44961
45702
13524
19211
64474
30555
15610
878
30408
5066
48531
17838
9220
2573
5763
31684
21995
38704
56384
14742
14461
10587
25463
38725
4707
26054
36663
3384
8746
13706
2090
36602
53008
41483
48406
48891
4020
21093
26259
1248
46875
60312
19628
56556
26345
57618
48256
3934
26026
58224
10491
29784
36573
52072
33702
13028
6500
57278
52423
57692
29999
43705
31661
53743
976
17937
13382
2273
50755
24640
15727
41466
11773
4984
32499
45460
19798
35233
5630
16922
31999
61944
7836
58052
54973
22582
28473
9801
23070
56135
11297
27211
15280
46611
15101
43172
25558
45258
23939
60640
62574
20471
44336
14358
22012
24885
9272
11889
43691
3998
4163
19006
2215
11349
44518
37487
52107
52763
42728
60551
65196
21985
56562
11813
1421
35389
23808
36539
32221
8280
53648
10630
62533
15141
33058
59279
37961
14666
18226
38156
63674
27517
57132
41450
48947
55443
56727
19848
25275
9746
23480
55283
8574
46180
24519
275
40089
24745
40825
16147
22723
37920
16063
60015
3
65123
30920
20098
2390
48239
49321
25227
22530
46842
22770
38937
10979
42760
55503
64001
55625
44208
47626
357
63598
30993
14252
26289
34638
16071
18766
35140
10208
29472
58841
13287
37376
45758
26978
52373
46703
9779
42910
52630
13547
41668
65273
35494
10368
37163
31354
12712
1578
48151
33186
125
38113
27301
47330
19563
28814
15414
63955
4139
13412
49980
54280
51081
18865
51240
60540
53173
30803
56454
7799
56628
4603
44342
13211
18764
56117
35170
54715
37712
29137
22243
27314
60646
47320
44138
29822
40158
62551
51702
58647
29027
31661
29074
22979
489
54687
16614
7026
43479
22226
45135
64807
39091
63256
39429
7404
8616
38250
31704
15190
19698
45724
9251
55269
10387
16661
18250
49436
11327
20864
31389
64809
21963
33442
11213
16053
12587
25186
36362
55293
28605
43360
52992
55386
53383
1464
43761
46217
5179
13981
8268
15387
24266
36443
19523
21863
29445
42026
41952
57475
32184
32882
52100
34917
60167
56847
19060
12971
58542
3739
36060
8639
24761
37048
58658
58783
42
45606
6524
33888
45677
32316
7396
10315
6015
24767
46855
25840
50571
1690
30091
16979
57806
12003
28415
42174
17923
61436
19521
64377
46506
58349
9555
63689
22378
17772
61934
15503
51458
8626
20884
36986
9615
54146
64000
35850
18755
18140
10868
5837
30856
25586
38526
25516
28097
8334
38792
14342
11894
23050
25199
57321
2257
54522
2435
19753
50050
48007
19417
62716
34368
11760
27983
60871
57051
589
26377
10434
47092
36766
51913
61421
12717
19681
21719
52185
19435
